621
100
383
492
987
167
926
446
390
477
137
531
919
3
194
77
303
331
76
433
652
772
527
563
340
998
171
590
548
511
451
901
36
144
819
660
133
897
539
722
911
228
981
927
953
551
287
782
140
40
519
841
319
70
215
306
948
540
350
66
469
608
913
550
513
868
957
56
291
264
57
943
867
242
830
196
880
643
761
461
751
869
99
630
95
382
915
232
817
229
861
424
515
128
278
8
530
860
947
47
267
378
812
973
342
429
865
658
844
921
290
568
129
638
98
873
491
413
86
995
664
595
592
560
874
227
456
522
954
536
554
67
570
596
521
339
117
369
318
409
385
877
640
795
438
623
598
315
96
25
675
848
89
726
97
406
69
566
497
692
694
645
967
39
161
222
552
172
183
107
990
677
644
553
208
992
62
87
801
185
859
810
312
545
493
460
506
899
230
851
670
654
850
28
198
939
917
717
634
186
452
744
377
457
708
856
829
205
32
60
397
760
494
711
313
130
46
594
793
204
151
326
661
203
478
918
864
65
716
311
274
682
703
472
13
872
900
489
688
44
325
124
789
153
352
656
934
419
533
51
38
6
955
329
715
149
775
970
455
836
906
423
463
854
370
237
5
224
259
280
769
624
668
488
969
695
214
43
964
833
788
820
827
988
435
787
525
462
241
871
604
417
523
132
211
201
549
119
483
813
296
949
544
355
615
575
713
379
637
559
26
541
542
791
195
802
24
249
893
636
558
532
822
411
22
266
983
746
265
48
426
68
197
1
786
910
459
10
49
684
416
896
681
58
823
324
831
444
35
952
857
597
745
723
101
363
976
705
486
404
45
162
794
499
622
749
473
815
163
620
430
974
29
950
54
576
248
83
582
421
23
564
747
375
34
508
583
405
468
707
888
547
361
727
408
778
669
155
127
584
27
743
431
750
601
773
884
724
275
147
512
672
272
958
373
502
420
748
937
482
465
471
890
476
30
612
398
626
599
351
346
206
85
168
842
520
736
818
930
931
236
814
858
323
80
166
659
226
960
12
42
75
357
730
758
412
110
714
202
160
721
693
31
538
593
806
164
984
537
448
485
720
19
845
1000
780
579
834
365
835
882
665
585
91
480
997
286
368
92
61
445
292
764
561
649
55
674
458
588
752
